@0
0110000000000000
0111000000000001
0100000000000000
0100001000000001
0000001000000000
0110010000000000
0111010000000000
0101001010001111
1111000000000000
1111000000000000
0110011000000010
0111011000000010
@100
1001100100111000
1001100100111001
1001100100111001
1001100100111001
1001100100111001
1001100100111001
1001100100111001
1001100100111001
1001100100111001
1001100100111001
1001100100111001
1001100100111001
1001100100111001
1001100100111001
1001100100111001
1001100100111001
1001100100111001
1001100100111001
1001100100111001
1001100100111001
1001100100111001
1001100100111001
1001100100111001
1001100100111001

